function F=mycontrol(s)

K=[0.0063   0.0101   10.8705    0.7381];
F=-K*s;

